356,hetras Hotel API Version 0.json,38.07700061798096,0.16711139678955078,18
