java.exe,86.62867582878775,0.5414292239299234,<bound method Process.cpu_percent of psutil.Process(pid=3524, name='java.exe', status='running', started='15:49:55')>
java.exe,90.72652096869463,0.5670407560543415,<bound method Process.cpu_percent of psutil.Process(pid=3524, name='java.exe', status='running', started='15:49:55')>
java.exe,94.31930956474744,0.5895913394281287,<bound method Process.cpu_percent of psutil.Process(pid=3524, name='java.exe', status='running', started='15:49:55')>
java.exe,98.73090195159398,0.6174746694534055,<bound method Process.cpu_percent of psutil.Process(pid=3524, name='java.exe', status='running', started='15:49:55')>
java.exe,114.81236145022012,0.7176011727259901,<bound method Process.cpu_percent of psutil.Process(pid=3524, name='java.exe', status='running', started='15:49:55')>
java.exe,117.28407756635444,0.7330733121139438,<bound method Process.cpu_percent of psutil.Process(pid=3524, name='java.exe', status='running', started='15:49:55')>
java.exe,119.51474396837656,0.7469910634644679,<bound method Process.cpu_percent of psutil.Process(pid=3524, name='java.exe', status='running', started='15:49:55')>
java.exe,122.0132433860789,0.7626305984872217,<bound method Process.cpu_percent of psutil.Process(pid=3524, name='java.exe', status='running', started='15:49:55')>
java.exe,129.32891090008633,0.808425261436111,<bound method Process.cpu_percent of psutil.Process(pid=3524, name='java.exe', status='running', started='15:49:55')>
java.exe,135.3436751950757,0.846208847576709,<bound method Process.cpu_percent of psutil.Process(pid=3524, name='java.exe', status='running', started='15:49:55')>
java.exe,155.66454871332542,0.974409990171485,<bound method Process.cpu_percent of psutil.Process(pid=3524, name='java.exe', status='running', started='15:49:55')>
java.exe,178.28113379454817,1.1144483955128404,<bound method Process.cpu_percent of psutil.Process(pid=3524, name='java.exe', status='running', started='15:49:55')>
java.exe,186.53421686343623,1.1659823373691625,<bound method Process.cpu_percent of psutil.Process(pid=3524, name='java.exe', status='running', started='15:49:55')>
java.exe,195.70941074345183,1.2233033854571456,<bound method Process.cpu_percent of psutil.Process(pid=3524, name='java.exe', status='running', started='15:49:55')>
java.exe,213.4323040096037,1.3341432093569376,<bound method Process.cpu_percent of psutil.Process(pid=3524, name='java.exe', status='running', started='15:49:55')>
java.exe,239.3355828118162,1.4966843707478519,<bound method Process.cpu_percent of psutil.Process(pid=3524, name='java.exe', status='running', started='15:49:55')>
java.exe,269.38644717113334,1.6869175528671283,<bound method Process.cpu_percent of psutil.Process(pid=3524, name='java.exe', status='running', started='15:49:55')>
java.exe,296.3419271063751,1.8521370444148446,<bound method Process.cpu_percent of psutil.Process(pid=3524, name='java.exe', status='running', started='15:49:55')>
java.exe,300.24463676342936,1.8765289797714333,<bound method Process.cpu_percent of psutil.Process(pid=3524, name='java.exe', status='running', started='15:49:55')>
java.exe,301.3771878011627,1.8851378981325821,<bound method Process.cpu_percent of psutil.Process(pid=3524, name='java.exe', status='running', started='15:49:55')>
java.exe,299.59418515392025,1.8724636572120017,<bound method Process.cpu_percent of psutil.Process(pid=3524, name='java.exe', status='running', started='15:49:55')>
java.exe,324.9120575075747,2.0307003594223416,<bound method Process.cpu_percent of psutil.Process(pid=3524, name='java.exe', status='running', started='15:49:55')>
java.exe,324.9120575075747,2.0307003594223416,<bound method Process.cpu_percent of psutil.Process(pid=3524, name='java.exe', status='running', started='15:49:55')>
java.exe,332.7557386810659,2.079723366756662,<bound method Process.cpu_percent of psutil.Process(pid=3524, name='java.exe', status='running', started='15:49:55')>
java.exe,334.9098813643223,2.0945498372675293,<bound method Process.cpu_percent of psutil.Process(pid=3524, name='java.exe', status='running', started='15:49:55')>
java.exe,335.3192832597191,2.0957455203732445,<bound method Process.cpu_percent of psutil.Process(pid=3524, name='java.exe', status='running', started='15:49:55')>
java.exe,335.3192832597191,2.0957455203732445,<bound method Process.cpu_percent of psutil.Process(pid=3524, name='java.exe', status='running', started='15:49:55')>
java.exe,335.3192832597191,2.0957455203732445,<bound method Process.cpu_percent of psutil.Process(pid=3524, name='java.exe', status='running', started='15:49:55')>
java.exe,337.38159748045655,2.108658897914968,<bound method Process.cpu_percent of psutil.Process(pid=3524, name='java.exe', status='running', started='15:49:55')>
java.exe,344.13098947559735,2.151033907181512,<bound method Process.cpu_percent of psutil.Process(pid=3524, name='java.exe', status='running', started='15:49:55')>
java.exe,349.9008778705362,2.1870239686635373,<bound method Process.cpu_percent of psutil.Process(pid=3524, name='java.exe', status='running', started='15:49:55')>
java.exe,356.05338485930395,2.225524964667564,<bound method Process.cpu_percent of psutil.Process(pid=3524, name='java.exe', status='running', started='15:49:55')>
java.exe,386.5251296718328,2.4168342615819847,<bound method Process.cpu_percent of psutil.Process(pid=3524, name='java.exe', status='running', started='15:49:55')>
java.exe,407.4122787089492,2.546518051227847,<bound method Process.cpu_percent of psutil.Process(pid=3524, name='java.exe', status='running', started='15:49:55')>
java.exe,413.02146729448003,2.5815037389010715,<bound method Process.cpu_percent of psutil.Process(pid=3524, name='java.exe', status='running', started='15:49:55')>
java.exe,422.3879704714101,2.65235991974575,<bound method Process.cpu_percent of psutil.Process(pid=3524, name='java.exe', status='running', started='15:49:55')>
java.exe,428.41803951015254,2.6776127469384536,<bound method Process.cpu_percent of psutil.Process(pid=3524, name='java.exe', status='running', started='15:49:55')>
java.exe,428.41803951015254,2.6776127469384536,<bound method Process.cpu_percent of psutil.Process(pid=3524, name='java.exe', status='running', started='15:49:55')>
java.exe,429.39371692441614,2.6837107307776007,<bound method Process.cpu_percent of psutil.Process(pid=3524, name='java.exe', status='running', started='15:49:55')>
java.exe,431.21115524510304,2.695284943240923,<bound method Process.cpu_percent of psutil.Process(pid=3524, name='java.exe', status='running', started='15:49:55')>
java.exe,447.83593314696617,2.7989745821685386,<bound method Process.cpu_percent of psutil.Process(pid=3524, name='java.exe', status='running', started='15:49:55')>
java.exe,447.83593314696617,2.7989745821685386,<bound method Process.cpu_percent of psutil.Process(pid=3524, name='java.exe', status='running', started='15:49:55')>
java.exe,447.83593314696617,2.7989745821685386,<bound method Process.cpu_percent of psutil.Process(pid=3524, name='java.exe', status='running', started='15:49:55')>
java.exe,447.83593314696617,2.7989745821685386,<bound method Process.cpu_percent of psutil.Process(pid=3524, name='java.exe', status='running', started='15:49:55')>
java.exe,449.2554481300711,2.815833713959122,<bound method Process.cpu_percent of psutil.Process(pid=3524, name='java.exe', status='running', started='15:49:55')>
java.exe,456.0507543564715,2.8503172147279465,<bound method Process.cpu_percent of psutil.Process(pid=3524, name='java.exe', status='running', started='15:49:55')>
java.exe,456.0507543564715,2.8503172147279465,<bound method Process.cpu_percent of psutil.Process(pid=3524, name='java.exe', status='running', started='15:49:55')>
java.exe,456.0507543564715,2.8503172147279465,<bound method Process.cpu_percent of psutil.Process(pid=3524, name='java.exe', status='running', started='15:49:55')>
java.exe,456.111973331484,2.8506998333217752,<bound method Process.cpu_percent of psutil.Process(pid=3524, name='java.exe', status='running', started='15:49:55')>
java.exe,461.37297899663054,2.8837724280258556,<bound method Process.cpu_percent of psutil.Process(pid=3524, name='java.exe', status='running', started='15:49:55')>
java.exe,467.01660325560596,2.918997252320223,<bound method Process.cpu_percent of psutil.Process(pid=3524, name='java.exe', status='running', started='15:49:55')>
java.exe,473.44076944599215,2.959243945658594,<bound method Process.cpu_percent of psutil.Process(pid=3524, name='java.exe', status='running', started='15:49:55')>
java.exe,508.12131879063827,3.1767147889260614,<bound method Process.cpu_percent of psutil.Process(pid=3524, name='java.exe', status='running', started='15:49:55')>
java.exe,524.9603631050455,3.281121837717106,<bound method Process.cpu_percent of psutil.Process(pid=3524, name='java.exe', status='running', started='15:49:55')>
java.exe,530.4738970421191,3.315581424823816,<bound method Process.cpu_percent of psutil.Process(pid=3524, name='java.exe', status='running', started='15:49:55')>
java.exe,538.9029846641686,3.3692197689461967,<bound method Process.cpu_percent of psutil.Process(pid=3524, name='java.exe', status='running', started='15:49:55')>
java.exe,574.7122588606096,3.593027732673954,<bound method Process.cpu_percent of psutil.Process(pid=3524, name='java.exe', status='running', started='15:49:55')>
java.exe,588.7007946509921,3.6794756212171578,<bound method Process.cpu_percent of psutil.Process(pid=3524, name='java.exe', status='running', started='15:49:55')>
java.exe,593.7475339035944,3.711041655208037,<bound method Process.cpu_percent of psutil.Process(pid=3524, name='java.exe', status='running', started='15:49:55')>
java.exe,605.2605273919042,3.7885219204583773,<bound method Process.cpu_percent of psutil.Process(pid=3524, name='java.exe', status='running', started='15:49:55')>
java.exe,643.0747230200086,4.020340960994425,<bound method Process.cpu_percent of psutil.Process(pid=3524, name='java.exe', status='running', started='15:49:55')>
java.exe,657.4152679167134,4.108941079127916,<bound method Process.cpu_percent of psutil.Process(pid=3524, name='java.exe', status='running', started='15:49:55')>
java.exe,666.4756762185804,4.1655925446766995,<bound method Process.cpu_percent of psutil.Process(pid=3524, name='java.exe', status='running', started='15:49:55')>
java.exe,684.4549239425976,4.277843274641235,<bound method Process.cpu_percent of psutil.Process(pid=3524, name='java.exe', status='running', started='15:49:55')>
java.exe,732.9212212228969,4.580757632643105,<bound method Process.cpu_percent of psutil.Process(pid=3524, name='java.exe', status='running', started='15:49:55')>
java.exe,733.2732303292195,4.582957689557621,<bound method Process.cpu_percent of psutil.Process(pid=3524, name='java.exe', status='running', started='15:49:55')>
java.exe,733.2732303292195,4.582957689557621,<bound method Process.cpu_percent of psutil.Process(pid=3524, name='java.exe', status='running', started='15:49:55')>
java.exe,733.2732303292195,4.582957689557621,<bound method Process.cpu_percent of psutil.Process(pid=3524, name='java.exe', status='running', started='15:49:55')>
java.exe,733.3880159073681,4.5836750994210504,<bound method Process.cpu_percent of psutil.Process(pid=3524, name='java.exe', status='running', started='15:49:55')>
java.exe,733.3956682792447,4.583722926745279,<bound method Process.cpu_percent of psutil.Process(pid=3524, name='java.exe', status='running', started='15:49:55')>
java.exe,739.184687603875,4.619904297524219,<bound method Process.cpu_percent of psutil.Process(pid=3524, name='java.exe', status='running', started='15:49:55')>
java.exe,739.184687603875,4.619904297524219,<bound method Process.cpu_percent of psutil.Process(pid=3524, name='java.exe', status='running', started='15:49:55')>
java.exe,739.2650375085791,4.620406484428619,<bound method Process.cpu_percent of psutil.Process(pid=3524, name='java.exe', status='running', started='15:49:55')>
java.exe,740.2407149228426,4.615838974964787,<bound method Process.cpu_percent of psutil.Process(pid=3524, name='java.exe', status='running', started='15:49:55')>
java.exe,726.5927096809678,4.541204435506049,<bound method Process.cpu_percent of psutil.Process(pid=3524, name='java.exe', status='running', started='15:49:55')>
java.exe,727.2852493357981,4.545532808348738,<bound method Process.cpu_percent of psutil.Process(pid=3524, name='java.exe', status='running', started='15:49:55')>
java.exe,752.7026025238479,4.705347812258622,<bound method Process.cpu_percent of psutil.Process(pid=3524, name='java.exe', status='running', started='15:49:55')>
java.exe,590.6291923638894,3.6916237615712237,<bound method Process.cpu_percent of psutil.Process(pid=3524, name='java.exe', status='running', started='15:49:55')>
java.exe,559.1396820917759,3.4947904087083996,<bound method Process.cpu_percent of psutil.Process(pid=3524, name='java.exe', status='running', started='15:49:55')>
java.exe,564.9669632757891,3.531210916108482,<bound method Process.cpu_percent of psutil.Process(pid=3524, name='java.exe', status='running', started='15:49:55')>
java.exe,575.0336584794259,3.593960365496412,<bound method Process.cpu_percent of psutil.Process(pid=3524, name='java.exe', status='running', started='15:49:55')>
java.exe,575.0336584794259,3.593960365496412,<bound method Process.cpu_percent of psutil.Process(pid=3524, name='java.exe', status='running', started='15:49:55')>
java.exe,575.0336584794259,3.593960365496412,<bound method Process.cpu_percent of psutil.Process(pid=3524, name='java.exe', status='running', started='15:49:55')>
java.exe,577.5436364549431,3.6096477278433943,<bound method Process.cpu_percent of psutil.Process(pid=3524, name='java.exe', status='running', started='15:49:55')>
java.exe,578.339483130107,3.6146217695631693,<bound method Process.cpu_percent of psutil.Process(pid=3524, name='java.exe', status='running', started='15:49:55')>
java.exe,603.5884841368722,3.7725715078281374,<bound method Process.cpu_percent of psutil.Process(pid=3524, name='java.exe', status='running', started='15:49:55')>
java.exe,609.4846366677747,3.809374633822049,<bound method Process.cpu_percent of psutil.Process(pid=3524, name='java.exe', status='running', started='15:49:55')>
java.exe,615.445834359628,3.8466799467203607,<bound method Process.cpu_percent of psutil.Process(pid=3524, name='java.exe', status='running', started='15:49:55')>
java.exe,642.2253097417085,4.014673423073336,<bound method Process.cpu_percent of psutil.Process(pid=3524, name='java.exe', status='running', started='15:49:55')>
java.exe,666.7396830483223,4.167218673700472,<bound method Process.cpu_percent of psutil.Process(pid=3524, name='java.exe', status='running', started='15:49:55')>
java.exe,672.6243570214099,4.204021799694383,<bound method Process.cpu_percent of psutil.Process(pid=3524, name='java.exe', status='running', started='15:49:55')>
java.exe,678.43633346167,4.2403705661081235,<bound method Process.cpu_percent of psutil.Process(pid=3524, name='java.exe', status='running', started='15:49:55')>
java.exe,706.256531418965,4.414916385880417,<bound method Process.cpu_percent of psutil.Process(pid=3524, name='java.exe', status='running', started='15:49:55')>
java.exe,730.086017442625,4.563157177326978,<bound method Process.cpu_percent of psutil.Process(pid=3524, name='java.exe', status='running', started='15:49:55')>
java.exe,755.3579755650201,4.720987347281375,<bound method Process.cpu_percent of psutil.Process(pid=3524, name='java.exe', status='running', started='15:49:55')>
java.exe,755.3579755650201,4.720987347281375,<bound method Process.cpu_percent of psutil.Process(pid=3524, name='java.exe', status='running', started='15:49:55')>
java.exe,755.7099846713427,4.723187404195891,<bound method Process.cpu_percent of psutil.Process(pid=3524, name='java.exe', status='running', started='15:49:55')>
java.exe,755.7099846713427,4.723187404195891,<bound method Process.cpu_percent of psutil.Process(pid=3524, name='java.exe', status='running', started='15:49:55')>
java.exe,755.7099846713427,4.723187404195891,<bound method Process.cpu_percent of psutil.Process(pid=3524, name='java.exe', status='running', started='15:49:55')>
java.exe,755.7099846713427,4.723187404195891,<bound method Process.cpu_percent of psutil.Process(pid=3524, name='java.exe', status='running', started='15:49:55')>
java.exe,755.901293968257,4.724383087301606,<bound method Process.cpu_percent of psutil.Process(pid=3524, name='java.exe', status='running', started='15:49:55')>
java.exe,755.901293968257,4.724383087301606,<bound method Process.cpu_percent of psutil.Process(pid=3524, name='java.exe', status='running', started='15:49:55')>
java.exe,755.901293968257,4.724383087301606,<bound method Process.cpu_percent of psutil.Process(pid=3524, name='java.exe', status='running', started='15:49:55')>
java.exe,755.912772526072,4.72445482828795,<bound method Process.cpu_percent of psutil.Process(pid=3524, name='java.exe', status='running', started='15:49:55')>
java.exe,762.0384962132715,4.762740601332947,<bound method Process.cpu_percent of psutil.Process(pid=3524, name='java.exe', status='running', started='15:49:55')>
java.exe,762.0384962132715,4.762740601332947,<bound method Process.cpu_percent of psutil.Process(pid=3524, name='java.exe', status='running', started='15:49:55')>
java.exe,762.0384962132715,4.762740601332947,<bound method Process.cpu_percent of psutil.Process(pid=3524, name='java.exe', status='running', started='15:49:55')>
java.exe,762.0384962132715,4.762740601332947,<bound method Process.cpu_percent of psutil.Process(pid=3524, name='java.exe', status='running', started='15:49:55')>
java.exe,762.1188461179755,4.763242788237347,<bound method Process.cpu_percent of psutil.Process(pid=3524, name='java.exe', status='running', started='15:49:55')>
java.exe,762.1188461179755,4.763242788237347,<bound method Process.cpu_percent of psutil.Process(pid=3524, name='java.exe', status='running', started='15:49:55')>
java.exe,762.2795459273839,4.764247162046149,<bound method Process.cpu_percent of psutil.Process(pid=3524, name='java.exe', status='running', started='15:49:55')>
java.exe,764.3303815903063,4.777064884939414,<bound method Process.cpu_percent of psutil.Process(pid=3524, name='java.exe', status='running', started='15:49:55')>
java.exe,638.4756475221859,3.9659852070086163,<bound method Process.cpu_percent of psutil.Process(pid=3524, name='java.exe', status='running', started='15:49:55')>
java.exe,616.4674260051511,3.852921412532194,<bound method Process.cpu_percent of psutil.Process(pid=3524, name='java.exe', status='running', started='15:49:55')>
java.exe,616.4674260051511,3.852921412532194,<bound method Process.cpu_percent of psutil.Process(pid=3524, name='java.exe', status='running', started='15:49:55')>
java.exe,616.4789045629658,3.8529931535185367,<bound method Process.cpu_percent of psutil.Process(pid=3524, name='java.exe', status='running', started='15:49:55')>
java.exe,616.4789045629658,3.8529931535185367,<bound method Process.cpu_percent of psutil.Process(pid=3524, name='java.exe', status='running', started='15:49:55')>
java.exe,616.8538707849182,3.8553366924057384,<bound method Process.cpu_percent of psutil.Process(pid=3524, name='java.exe', status='running', started='15:49:55')>
java.exe,616.8538707849182,3.8553366924057384,<bound method Process.cpu_percent of psutil.Process(pid=3524, name='java.exe', status='running', started='15:49:55')>
java.exe,627.9574623778311,3.9247341398614446,<bound method Process.cpu_percent of psutil.Process(pid=3524, name='java.exe', status='running', started='15:49:55')>
java.exe,665.6186105684038,4.160809812253839,<bound method Process.cpu_percent of psutil.Process(pid=3524, name='java.exe', status='running', started='15:49:55')>
java.exe,677.0168184785649,4.231450770139488,<bound method Process.cpu_percent of psutil.Process(pid=3524, name='java.exe', status='running', started='15:49:55')>
java.exe,682.2510408421435,4.264188573573969,<bound method Process.cpu_percent of psutil.Process(pid=3524, name='java.exe', status='running', started='15:49:55')>
java.exe,693.1212350928208,4.332438165248187,<bound method Process.cpu_percent of psutil.Process(pid=3524, name='java.exe', status='running', started='15:49:55')>
java.exe,732.0411984570904,4.576142295855045,<bound method Process.cpu_percent of psutil.Process(pid=3524, name='java.exe', status='running', started='15:49:55')>
java.exe,739.969055721224,4.624902252906108,<bound method Process.cpu_percent of psutil.Process(pid=3524, name='java.exe', status='running', started='15:49:55')>
java.exe,745.1535376676048,4.657329178733102,<bound method Process.cpu_percent of psutil.Process(pid=3524, name='java.exe', status='running', started='15:49:55')>
java.exe,756.7927952918781,4.730481071140753,<bound method Process.cpu_percent of psutil.Process(pid=3524, name='java.exe', status='running', started='15:49:55')>
java.exe,796.2369461296934,4.976648308945383,<bound method Process.cpu_percent of psutil.Process(pid=3524, name='java.exe', status='running', started='15:49:55')>
java.exe,802.863900174809,5.017995030741012,<bound method Process.cpu_percent of psutil.Process(pid=3524, name='java.exe', status='running', started='15:49:55')>
java.exe,808.2320390462276,5.051593726011608,<bound method Process.cpu_percent of psutil.Process(pid=3524, name='java.exe', status='running', started='15:49:55')>
java.exe,821.2410712364081,5.133163227483493,<bound method Process.cpu_percent of psutil.Process(pid=3524, name='java.exe', status='running', started='15:49:55')>
java.exe,859.4302330864646,5.37158243876309,<bound method Process.cpu_percent of psutil.Process(pid=3524, name='java.exe', status='running', started='15:49:55')>
java.exe,866.1222322925311,5.413383520138891,<bound method Process.cpu_percent of psutil.Process(pid=3524, name='java.exe', status='running', started='15:49:55')>
java.exe,871.4482831186285,5.446671337802,<bound method Process.cpu_percent of psutil.Process(pid=3524, name='java.exe', status='running', started='15:49:55')>
java.exe,886.7951149171033,5.543617324013382,<bound method Process.cpu_percent of psutil.Process(pid=3524, name='java.exe', status='running', started='15:49:55')>
java.exe,947.2067646967389,5.920042279354618,<bound method Process.cpu_percent of psutil.Process(pid=3524, name='java.exe', status='running', started='15:49:55')>
java.exe,947.2067646967389,5.920042279354618,<bound method Process.cpu_percent of psutil.Process(pid=3524, name='java.exe', status='running', started='15:49:55')>
java.exe,947.2067646967389,5.920042279354618,<bound method Process.cpu_percent of psutil.Process(pid=3524, name='java.exe', status='running', started='15:49:55')>
java.exe,947.2067646967389,5.920042279354618,<bound method Process.cpu_percent of psutil.Process(pid=3524, name='java.exe', status='running', started='15:49:55')>
java.exe,947.2947669733195,5.920592293583247,<bound method Process.cpu_percent of psutil.Process(pid=3524, name='java.exe', status='running', started='15:49:55')>
java.exe,947.2947669733195,5.920592293583247,<bound method Process.cpu_percent of psutil.Process(pid=3524, name='java.exe', status='running', started='15:49:55')>
java.exe,947.2947669733195,5.920592293583247,<bound method Process.cpu_percent of psutil.Process(pid=3524, name='java.exe', status='running', started='15:49:55')>
java.exe,947.3521597623939,5.920950998514962,<bound method Process.cpu_percent of psutil.Process(pid=3524, name='java.exe', status='running', started='15:49:55')>
java.exe,947.3521597623939,5.920950998514962,<bound method Process.cpu_percent of psutil.Process(pid=3524, name='java.exe', status='running', started='15:49:55')>
java.exe,947.3521597623939,5.920950998514962,<bound method Process.cpu_percent of psutil.Process(pid=3524, name='java.exe', status='running', started='15:49:55')>
java.exe,947.3521597623939,5.920950998514962,<bound method Process.cpu_percent of psutil.Process(pid=3524, name='java.exe', status='running', started='15:49:55')>
java.exe,947.4707715264808,5.9216923220405056,<bound method Process.cpu_percent of psutil.Process(pid=3524, name='java.exe', status='running', started='15:49:55')>
java.exe,947.4822500842957,5.921764063026848,<bound method Process.cpu_percent of psutil.Process(pid=3524, name='java.exe', status='running', started='15:49:55')>
java.exe,947.4822500842957,5.921764063026848,<bound method Process.cpu_percent of psutil.Process(pid=3524, name='java.exe', status='running', started='15:49:55')>
java.exe,947.4822500842957,5.921764063026848,<bound method Process.cpu_percent of psutil.Process(pid=3524, name='java.exe', status='running', started='15:49:55')>
java.exe,949.6861331847498,5.935538332404686,<bound method Process.cpu_percent of psutil.Process(pid=3524, name='java.exe', status='running', started='15:49:55')>
java.exe,950.6618105990134,5.941636316243834,<bound method Process.cpu_percent of psutil.Process(pid=3524, name='java.exe', status='running', started='15:49:55')>
java.exe,950.6618105990134,5.941636316243834,<bound method Process.cpu_percent of psutil.Process(pid=3524, name='java.exe', status='running', started='15:49:55')>
java.exe,950.179711170789,5.922314077255477,<bound method Process.cpu_percent of psutil.Process(pid=3524, name='java.exe', status='running', started='15:49:55')>
java.exe,987.672507180077,6.172977083537596,<bound method Process.cpu_percent of psutil.Process(pid=3524, name='java.exe', status='running', started='15:49:55')>
java.exe,988.4224396239815,6.177640247649885,<bound method Process.cpu_percent of psutil.Process(pid=3524, name='java.exe', status='running', started='15:49:55')>
java.exe,988.4224396239815,6.177640247649885,<bound method Process.cpu_percent of psutil.Process(pid=3524, name='java.exe', status='running', started='15:49:55')>
java.exe,988.4224396239815,6.177640247649885,<bound method Process.cpu_percent of psutil.Process(pid=3524, name='java.exe', status='running', started='15:49:55')>
java.exe,989.1417625803798,6.182136016127374,<bound method Process.cpu_percent of psutil.Process(pid=3524, name='java.exe', status='running', started='15:49:55')>
java.exe,989.1417625803798,6.182136016127374,<bound method Process.cpu_percent of psutil.Process(pid=3524, name='java.exe', status='running', started='15:49:55')>
java.exe,989.1417625803798,6.182136016127374,<bound method Process.cpu_percent of psutil.Process(pid=3524, name='java.exe', status='running', started='15:49:55')>
java.exe,989.1417625803798,6.182136016127374,<bound method Process.cpu_percent of psutil.Process(pid=3524, name='java.exe', status='running', started='15:49:55')>
java.exe,989.2029815553924,6.182518634721203,<bound method Process.cpu_percent of psutil.Process(pid=3524, name='java.exe', status='running', started='15:49:55')>
java.exe,989.2029815553924,6.182518634721203,<bound method Process.cpu_percent of psutil.Process(pid=3524, name='java.exe', status='running', started='15:49:55')>
java.exe,989.2029815553924,6.182518634721203,<bound method Process.cpu_percent of psutil.Process(pid=3524, name='java.exe', status='running', started='15:49:55')>
java.exe,989.2450696007136,6.18278168500446,<bound method Process.cpu_percent of psutil.Process(pid=3524, name='java.exe', status='running', started='15:49:55')>
java.exe,989.2450696007136,6.18278168500446,<bound method Process.cpu_percent of psutil.Process(pid=3524, name='java.exe', status='running', started='15:49:55')>
java.exe,989.3789861085537,6.183618663178461,<bound method Process.cpu_percent of psutil.Process(pid=3524, name='java.exe', status='running', started='15:49:55')>
java.exe,991.8545284106262,6.199090802566414,<bound method Process.cpu_percent of psutil.Process(pid=3524, name='java.exe', status='running', started='15:49:55')>
java.exe,991.8545284106262,6.199090802566414,<bound method Process.cpu_percent of psutil.Process(pid=3524, name='java.exe', status='running', started='15:49:55')>
java.exe,994.2305898783032,6.21396510040151,<bound method Process.cpu_percent of psutil.Process(pid=3524, name='java.exe', status='running', started='15:49:55')>
java.exe,994.5634680549343,6.21602167534334,<bound method Process.cpu_percent of psutil.Process(pid=3524, name='java.exe', status='running', started='15:49:55')>
java.exe,995.0532198550354,6.219082624093971,<bound method Process.cpu_percent of psutil.Process(pid=3524, name='java.exe', status='running', started='15:49:55')>
java.exe,995.0532198550354,6.219082624093971,<bound method Process.cpu_percent of psutil.Process(pid=3524, name='java.exe', status='running', started='15:49:55')>
java.exe,995.0838293425417,6.2210674580494585,<bound method Process.cpu_percent of psutil.Process(pid=3524, name='java.exe', status='running', started='15:49:55')>
java.exe,995.8222832286314,6.223889270178946,<bound method Process.cpu_percent of psutil.Process(pid=3524, name='java.exe', status='running', started='15:49:55')>
java.exe,996.5530847428445,6.228456779642777,<bound method Process.cpu_percent of psutil.Process(pid=3524, name='java.exe', status='running', started='15:49:55')>
java.exe,996.5530847428445,6.228456779642777,<bound method Process.cpu_percent of psutil.Process(pid=3524, name='java.exe', status='running', started='15:49:55')>
java.exe,1004.3967659163358,6.277479786977098,<bound method Process.cpu_percent of psutil.Process(pid=3524, name='java.exe', status='running', started='15:49:55')>
java.exe,1004.492420564793,6.278077628529956,<bound method Process.cpu_percent of psutil.Process(pid=3524, name='java.exe', status='running', started='15:49:55')>
java.exe,1066.0213166384087,6.667128997467543,<bound method Process.cpu_percent of psutil.Process(pid=3524, name='java.exe', status='running', started='15:49:55')>
java.exe,1073.4632482883796,6.709145301802373,<bound method Process.cpu_percent of psutil.Process(pid=3524, name='java.exe', status='running', started='15:49:55')>
java.exe,1073.4632482883796,6.709145301802373,<bound method Process.cpu_percent of psutil.Process(pid=3524, name='java.exe', status='running', started='15:49:55')>
java.exe,1073.4632482883796,6.709145301802373,<bound method Process.cpu_percent of psutil.Process(pid=3524, name='java.exe', status='running', started='15:49:55')>
java.exe,1073.547424379022,6.709671402368887,<bound method Process.cpu_percent of psutil.Process(pid=3524, name='java.exe', status='running', started='15:49:55')>
java.exe,1073.547424379022,6.709671402368887,<bound method Process.cpu_percent of psutil.Process(pid=3524, name='java.exe', status='running', started='15:49:55')>
java.exe,1073.547424379022,6.709671402368887,<bound method Process.cpu_percent of psutil.Process(pid=3524, name='java.exe', status='running', started='15:49:55')>
java.exe,1073.547424379022,6.709671402368887,<bound method Process.cpu_percent of psutil.Process(pid=3524, name='java.exe', status='running', started='15:49:55')>
java.exe,1073.6048171680964,6.710030107300602,<bound method Process.cpu_percent of psutil.Process(pid=3524, name='java.exe', status='running', started='15:49:55')>
java.exe,1140.8615135913299,7.13160405671364,<bound method Process.cpu_percent of psutil.Process(pid=3524, name='java.exe', status='running', started='15:49:55')>
java.exe,1163.0648705912174,7.269298923167796,<bound method Process.cpu_percent of psutil.Process(pid=3524, name='java.exe', status='running', started='15:49:55')>
java.exe,1168.907456518984,7.305767257892107,<bound method Process.cpu_percent of psutil.Process(pid=3524, name='java.exe', status='running', started='15:49:55')>
java.exe,1174.77299956238,7.342426901913332,<bound method Process.cpu_percent of psutil.Process(pid=3524, name='java.exe', status='running', started='15:49:55')>
java.exe,1203.323999033888,7.521372835514657,<bound method Process.cpu_percent of psutil.Process(pid=3524, name='java.exe', status='running', started='15:49:55')>
java.exe,1238.8424830990193,7.742932915003671,<bound method Process.cpu_percent of psutil.Process(pid=3524, name='java.exe', status='running', started='15:49:55')>
java.exe,1244.968206786219,7.7811708607244405,<bound method Process.cpu_percent of psutil.Process(pid=3524, name='java.exe', status='running', started='15:49:55')>
java.exe,1250.076165013834,7.8131195133091484,<bound method Process.cpu_percent of psutil.Process(pid=3524, name='java.exe', status='running', started='15:49:55')>
java.exe,1271.9542962089672,7.949714351306045,<bound method Process.cpu_percent of psutil.Process(pid=3524, name='java.exe', status='running', started='15:49:55')>
java.exe,1307.5033897616047,8.172757077846144,<bound method Process.cpu_percent of psutil.Process(pid=3524, name='java.exe', status='running', started='15:49:55')>
java.exe,1322.1500295333728,8.263533339232037,<bound method Process.cpu_percent of psutil.Process(pid=3524, name='java.exe', status='running', started='15:49:55')>
java.exe,1326.2899627186007,8.289312266991255,<bound method Process.cpu_percent of psutil.Process(pid=3524, name='java.exe', status='running', started='15:49:55')>
java.exe,1326.4200530405026,8.290125331503141,<bound method Process.cpu_percent of psutil.Process(pid=3524, name='java.exe', status='running', started='15:49:55')>
java.exe,1326.8141501921461,8.292588438700914,<bound method Process.cpu_percent of psutil.Process(pid=3524, name='java.exe', status='running', started='15:49:55')>
java.exe,1326.9289357702946,8.293305848564342,<bound method Process.cpu_percent of psutil.Process(pid=3524, name='java.exe', status='running', started='15:49:55')>
java.exe,1326.9748500015544,8.293592812509715,<bound method Process.cpu_percent of psutil.Process(pid=3524, name='java.exe', status='running', started='15:49:55')>
java.exe,1326.9786761874927,8.293616726171829,<bound method Process.cpu_percent of psutil.Process(pid=3524, name='java.exe', status='running', started='15:49:55')>
java.exe,1326.997807117184,8.2937362944824,<bound method Process.cpu_percent of psutil.Process(pid=3524, name='java.exe', status='running', started='15:49:55')>
java.exe,1327.0284166046904,8.293927603779315,<bound method Process.cpu_percent of psutil.Process(pid=3524, name='java.exe', status='running', started='15:49:55')>
java.exe,1327.0437213484436,8.294023258427773,<bound method Process.cpu_percent of psutil.Process(pid=3524, name='java.exe', status='running', started='15:49:55')>
java.exe,1327.6406063548166,8.297777703379717,<bound method Process.cpu_percent of psutil.Process(pid=3524, name='java.exe', status='running', started='15:49:55')>
java.exe,1327.6788682141996,8.297992926338747,<bound method Process.cpu_percent of psutil.Process(pid=3524, name='java.exe', status='running', started='15:49:55')>
java.exe,1327.7056515157676,8.298160321973548,<bound method Process.cpu_percent of psutil.Process(pid=3524, name='java.exe', status='running', started='15:49:55')>
java.exe,1327.7171300735824,8.29823206295989,<bound method Process.cpu_percent of psutil.Process(pid=3524, name='java.exe', status='running', started='15:49:55')>
java.exe,1328.0079202048921,8.300049501280576,<bound method Process.cpu_percent of psutil.Process(pid=3524, name='java.exe', status='running', started='15:49:55')>
java.exe,1325.7275133856724,8.285796958660452,<bound method Process.cpu_percent of psutil.Process(pid=3524, name='java.exe', status='running', started='15:49:55')>
java.exe,1326.1292629091924,8.288307893182454,<bound method Process.cpu_percent of psutil.Process(pid=3524, name='java.exe', status='running', started='15:49:55')>
java.exe,1326.5616219202193,8.29101013700137,<bound method Process.cpu_percent of psutil.Process(pid=3524, name='java.exe', status='running', started='15:49:55')>
java.exe,1361.636268416509,8.511398447046782,<bound method Process.cpu_percent of psutil.Process(pid=3524, name='java.exe', status='running', started='15:49:55')>
java.exe,1384.666081579067,8.65423475085551,<bound method Process.cpu_percent of psutil.Process(pid=3524, name='java.exe', status='running', started='15:49:55')>
java.exe,1408.7251387590245,8.804723426540818,<bound method Process.cpu_percent of psutil.Process(pid=3524, name='java.exe', status='running', started='15:49:55')>
java.exe,1415.1837406228553,8.844946206217074,<bound method Process.cpu_percent of psutil.Process(pid=3524, name='java.exe', status='running', started='15:49:55')>
java.exe,1415.8533231620559,8.849131097087076,<bound method Process.cpu_percent of psutil.Process(pid=3524, name='java.exe', status='running', started='15:49:55')>
java.exe,1422.078527683651,8.889258222114876,<bound method Process.cpu_percent of psutil.Process(pid=3524, name='java.exe', status='running', started='15:49:55')>
java.exe,1060.3547352638036,6.333366015338222,<bound method Process.cpu_percent of psutil.Process(pid=3524, name='java.exe', status='running', started='15:49:55')>
